$ANSIBLE_VAULT;1.2;AES256;pulceo-dev
37663138306536376137353139666239373130646233323463333264386163393364643839633963
3130376239303766663434316130613665643463333931350a666664313466343639363364646261
64346536363232353832323066343031653363326138653038383561613165646166653530333532
3735383663306362660a383930396139343565623430613462373363666461663839363463336366
65313138303365343339626637653565343636316162366635343165313634306266616361643531
66633561656337383231333066386130656464346133316565386138313439653763383232366261
66356433336139336434333638306632396638356331633864306461383231366230353064336465
66633762393938626239323433343031636533316562663165306330316238373363323463636662
34633434383439383833326165643961613566616330633165393661303863343034643534346532
34666632626634313333373234323563663335623162643565346561636635336165376636363334
37643735626236383136366532646539386436623732363061326332326139363835643765623262
66656234353636616539633066363162626166333030633561373436313163356162393431626530
35613936336334663065636638346431376538326230393931646433643863636638373862666135
64343836393434313464323732333039663064323035376362336239326532616531663734363063
61353132303961376666393236346330323965303637663935383939303564326535323438623037
35616263656663393939373931366239303538333838393831393364316336616632653564656335
34346463636534343333663838343632626532656133613734373936366130613939323635333566
66363939653464613532613431363439343636663361633831363834643137346433663335366137
63643936633934353239326561396433626666373035613964363934656264386563656361306533
35306266336666643335383934353465396435626663636465363966343361613161356465363833
65643535353234396532623561343034313261393163633565636164383063313864376638623138
64393961346531333632346562663862326230333862653665393036363465343037326363383235
65656263653039373837363763356664313364646232616532353233386137333764323465333064
63366230666461353539383831306164646134613239316330653631616131616365626665313461
32613535626465323137633062343938653565633462636163633561623132393937306334383061
63653938366535383733653264653062373931303462383937333661366438393062393334323733
30633638383339306235313863336639616462636531346335373937663463383730376666626332
63393435306536376162643539626339623264623034313032363565393065636232313430323565
36323965313364316462613563633231646634613565376139373038323835393062306363646338
63383138326662333136343431373738303532313536356663333062373663656530316634633637
633662313465626636643035313166373666
